48732028184
63935876190
845461215787
18777278247
440025677098
445557809312
446216186819
373596876065
985213864388
489618298752
928502922687
330909267768
693608937552
68067666276
469580306556
734497188527
521059108199
15784228603
780203138695
118650662045
674651409226
945429110692
794692477785
584901475284
668554332810
699515922083
804475182279
910736946798
872155854650
240468005702
566508970827
692961521209
704728207834
242522312918
991061411176
239225885686
901532446532
868047130359
121172121148
99189713262
366097224630
79136358490
958648934353
942462455945
449354343385
877384631195
348420288295
803244080866
646690578968
702650722725
957101270607
945339003401
467377520584
575695874448
230118125907
343606979436
957672814983
309813880939
326301567871
934502228402
639609692196
777180432865
742769591086
799754204056
582946036135
200093009119
961206727149
830453051876
876228299222
317580703664
546713890997
853812801125
757784329409
638246700282
576241089593
472344685545
276598981932
121157886744
887977390641
898649269134
889124926483
697440676794
91245936208
780418610677
514364018337
736119560338
284650422146
179275723372
926721162363
119784974276
368004309529
660772144516
387018976710
200848158531
861476237536
267862732192
716073916069
371465601637
323579969782
848397131242
